1, 5 0 7;
2, M 0 4 7;
3, m 0 3 7;
4, dim 0 3 6;
5, aug 0 4 8;
6, sus2 0 2 7;
7, sus4 0 5 7;
8, m+ 0 3 8;
9, b5 0 4 6;
10, m7_omit5 0 3 10;
11, add9_omit3 0 7 14;
12, 7_omit3 0 7 10;
13, 9+5 0 10 13;
14, m9+5 0 10 14;
15, M7 0 4 7 11;
16, M6 0 4 7 9;
17, m7 0 3 7 10;
18, m6 0 3 7 9;
19, mM6 0 3 7 6;
20, +M7 0 4 8 11;
21, 6 0 4 7 6;
22, 7 0 4 7 10;
23, 7+ 0 4 8 10;
24, dim7 0 3 6 9;
25, msus 0 3 5 7;
26, m(sus9) 0 3 7 14;
27, m7+5 0 3 8 10;
28, mM7 0 3 7 11;
29, m7b5 0 3 6 10;
30, mb9 0 3 7 13;
31, 7sus4 0 5 7 10;
32, 7sus2 0 2 7 10;
33, M7b5 0 4 6 11;
34, add9 0 4 7 14;
35, addb9 0 4 7 13;
36, 7b5 0 4 6 10;
37, 9b6 0 4 8 14;
38, add#9 0 4 7 15;
39, sus(add9) 0 5 7 14;
40, sus(addb9) 0 5 7 13;
41, sus(add#9) 0 5 7 15;
42, M9 0 4 7 11 14;
43, m9 0 3 7 10 14;
44, M13 0 4 7 11 21;
45, m13 0 3 7 10 21;
46, 9 0 4 7 10 14;
47, 11 0 7 10 14 17;
48, 13 0 4 7 10 21;
49, +9M7 0 4 8 11 14;
50, +9 0 4 8 10 14;
51, +11 0 8 10 14 17;
52, dim7 0 3 6 9 11;
53, 9b5 0 4 6 10 14;
54, 6/9 0 4 7 14 21;
55, 13b5 0 4 6 10 20;
56, M7#11 0 4 7 11 18;
57, m9b5 0 3 6 10 14;
58, m7b9 0 3 7 10 13;
59, m7sus4 0 3 5 7 10;
60, m7#9 0 3 7 10 15;
61, m7(add13) 0 3 7 10 21;
62, m7(add11) 0 3 7 10 17;
63, mM7(add9) 0 3 7 11 14;
64, m6(add9) 0 3 7 14 21;
65, m+7b9 0 3 8 10 13;
66, m+7#9 0 3 8 10 15;
67, m7b5b9 0 3 6 10 13;
68, 7(6) 0 4 7 9 10;
69, 7#11 0 4 7 10 18;
70, 7(add13) 0 4 7 10 21;
71, 7+9 0 4 7 10 15;
72, 7b9 0 4 7 10 13;
73, 7b9sus 0 5 7 10 13;
74, 7b13 0 4 7 10 20;
75, 7b5#9 0 4 6 10 15;
76, 7b5b9 0 4 6 10 13;
77, 7b5(add13) 0 4 6 10 21;
78, +7#9 0 4 8 10 15;
79, 7alt 0 4 6 10 13;
80, dim(b13) 0 3 6 9 8;
81, aug7b9 0 4 8 10 13;
82, sus9 0 5 7 10 14;
83, 11 0 4 7 10 14 17;
84, M11 0 4 7 11 14 17;
85, mM11 0 3 7 11 14 17;
86, m11 0 3 7 10 14 17;
87, +M11 0 4 8 11 14 17;
88, +11 0 4 8 10 14 17;
89, Ø11 0 3 6 10 13 17;
90, °11 0 3 6 9 13 16;
91, M13#11 0 4 7 11 18 21;
92, M9#11 0 4 7 11 14 18;
93, m7b9#11 0 3 7 10 13 18;
94, m+7b9#11 0 3 8 10 13 18;
95, m11+ 0 3 7 10 14 18;
96, m11b5 0 3 6 10 14 17;
97, 7#9#11 0 4 7 10 15 18;
98, 7#9b13 0 4 7 10 15 20;
99, +7b9#11 0 4 8 10 13 18;
100, 7b9#11 0 4 7 10 13 18;
101, 11+ 0 4 7 10 14 18;
102, 11b9 0 4 7 10 13 17;
103, 13#11 0 4 7 10 18 21;
104, 13#9 0 4 7 10 15 21;
105, 13sus 0 5 7 10 14 21;
106, 13susb9 0 5 7 10 13 21;
107, M7(add13) 0 4 7 10 13 21;
108, WTCluster 0 2 4 6 8 10;
109, 13 0 4 7 10 14 17 21;
110, M13 0 4 7 11 14 17 21;
111, m13 0 3 7 10 14 17 21;
112, mM13 0 3 7 11 14 17 21;
113, +M13 0 4 8 11 14 17 21;
114, +13 0 4 8 10 14 17 21;
115, dim13 0 3 6 10 14 17 21;
116, 0 0 1 2 3 4 5 6 7 8 9 10 11 12 13 14 15 16 17 18 19 20 21 22 23 24 25 26 27 28 29 30;
117, 0 0 2 4 6 8 10 12 14 16 18 20 22 24 26 28 30 32 34 36 38 40 42 44 46 48 50;
118, 0 0 3 6 9 12 15 18 21 24 27 30 33 36 39 41 44 47 51 54 57 60;
119, 0 0 4 8 12 16 20 24 28 32 36 40 44 48 52 56 60 64 68 72 76 80;
120, 0 0 5 10 15 20 25 30 35 40 60 70 80 90 100;
121, 0 0 6 12 18 24 30 36 42 48 54 60 66 72 78 84 90 96;
122, 0 0 7 14 21 28 35 42 49 56 63 70 77 84 91 98;
123, 0 0 8 16 24 32 40 48 56 64 72 80 88 96;
124, 0 0 9 18 27 36 45 54 63 72 81 90 99;
125, 0 0 10 20 30 40 50 60 70 80 90 100;
126, 0 0 11 22 33 44 55 66 77 88 99;
127, 0 0 12 24 36 48 60 72 84 96;
